     695     286     933
     694     291     927
     692     298     924
     686     302     921
     683     308     917
     681     311     910
     675     312     905
     670     318     906
     672     325     909
     679     327     912
     686     324     910
     689     317     908
     694     317     902
     697     321     896
     697     326     890
     691     329     886
     683     329     886
     678     323     887
     680     316     890
     685     310     891
     690     305     888
     697     302     886
     704     305     884
     710     310     883
     718     310     883
     725     312     886
     728     310     893
     725     308     900
     719     308     905
     713     304     908
     706     302     905
     703     295     903
     708     289     902
     715     286     900
     722     289     902
     730     289     902
     735     284     904
     737     277     907
     738     272     913
     735     265     915
     730     259     916
     724     254     915
     717     251     917
     710     248     915
     703     251     913
     697     255     910
     694     262     908
     687     265     910
     681     270     910
     676     274     906
     675     280     901
     677     283     894
     682     282     888
     684     275     885
     685     269     890
     691     268     895
     697     267     900
     705     267     900
     709     261     897
     708     256     891
     703     253     886
     696     253     883
     694     260     880
     697     267     882
     702     273     883
     709     276     884
     716     279     882
     722     283     879
     721     284     886
     728     282     888
     730     281     881
     724     286     882
     719     291     881
     713     295     878
     713     295     870
     717     290     866
     715     283     863
     709     283     858
     703     288     857
     698     293     859
     693     299     859
     685     299     859
     682     295     853
     685     289     849
     691     284     848
     696     278     849
     698     271     852
     696     268     859
     693     270     866
     692     275     872
     685     277     875
     679     277     870
     677     274     863
     677     274     855
     680     274     848
     683     272     841
     686     270     834
     692     270     829
     698     274     826
     700     281     829
     702     288     832
     699     295     834
     695     301     837
     696     306     843
     702     307     848
     708     302     848
     715     305     846
     718     311     850
     720     314     857
     722     311     864
     729     308     866
     733     302     863
     731     295     860
     729     292     853
     726     290     846
     722     284     843
     719     277     845
     718     271     840
     718     271     832
     722     274     826
     729     275     823
     735     280     824
     740     286     824
     742     293     827
     745     295     834
     745     295     842
     745     295     850
     745     290     856
     743     283     859
     742     278     865
     737     272     865
     736     265     867
     733     261     873
     727     262     878
     729     265     885
     734     265     891
     739     265     897
     747     265     897
     754     264     894
     760     260     891
     760     254     886
     763     252     879
     764     255     872
     763     260     866
     760     259     859
     757     264     854
     750     266     851
     743     268     848
     736     270     851
     730     266     854
     732     270     859
     728     267     864
     723     273     865
     718     270     860
     711     270     863
     708     271     870
     711     266     875
     717     263     871
     720     257     867
     723     251     863
     726     253     856
     723     251     849
     723     243     849
     722     238     855
     720     241     862
     715     242     868
     713     245     875
     717     251     878
     723     250     883
     730     249     880
     732     252     873
     729     249     868
     729     241     868
     727     237     874
     720     236     877
     714     240     874
     708     245     874
     704     251     871
     707     255     865
     711     251     860
     705     247     857
     698     244     859
     693     250     860
     691     253     867
     686     252     873
     682     249     879
     676     248     884
     673     255     886
     672     261     881
     672     261     873
     673     255     868
     676     249     864
     681     243     863
     687     240     867
     694     238     870
     700     233     871
     705     232     877
     707     235     884
     708     238     891
     703     241     896
     696     243     893
     697     238     887
     696     231     890
     699     224     892
     702     220     886
     703     214     881
     700     207     882
     698     204     889
     701     206     896
     705     210     901
     710     216     902
     715     222     901
     720     225     896
     723     223     889
     726     221     882
     726     221     874
     722     224     868
     719     230     864
     712     229     861
     706     230     856
     703     234     850
     706     236     843
     706     230     838
     711     224     837
     711     216     837
     708     210     841
     703     210     847
     697     211     852
     696     217     857
     693     224     858
     688     230     859
     681     227     861
     680     220     864
     681     214     869
     684     216     876
     689     221     879
     689     229     879
     687     236     882
     681     235     887
     675     234     882
     674     239     876
     675     234     870
     670     228     869
     663     231     871
     659     234     865
     663     237     859
     666     235     852
     663     228     850
     659     224     855
     661     221     862
     666     215     862
     670     212     856
     676     213     851
     682     212     846
     685     212     839
     683     215     832
     677     220     831
     671     225     831
     665     230     832
     662     237     834
     661     242     840
     666     248     840
     674     248     840
     679     251     845
     677     258     848
     670     261     850
     664     266     851
     660     269     857
     657     271     864
     655     269     871
     653     266     878
     652     260     883
     655     253     881
     656     248     875
     657     245     868
     657     250     862
     652     249     856
     651     246     849
     653     239     846
     649     233     849
     646     231     856
     645     229     863
     645     229     871
     649     232     877
     655     234     881
     662     237     882
     665     243     886
     665     243     894
     667     240     901
     673     236     904
     678     230     903
     678     222     903
     681     215     901
     681     207     901
     680     202     895
     679     199     888
     674     198     882
     668     198     877
     662     203     876
     660     210     879
     662     217     882
     661     221     888
     659     224     895
     659     224     903
     659     224     911
     661     221     918
