     526     343     273
     532     348     274
     537     348     280
     538     343     286
     537     338     292
     532     337     298
     525     339     301
     518     342     302
     510     342     302
     503     344     299
     497     343     294
     491     344     289
     486     343     283
     485     340     276
     490     337     271
     491     331     276
     497     332     281
     505     332     281
     507     329     288
     500     327     291
     493     324     293
     486     321     294
     481     315     293
     478     313     286
     471     311     284
     464     314     286
     462     317     293
     465     318     300
     471     319     305
     475     324     309
     481     324     314
     484     326     321
     489     325     315
     496     323     313
     501     317     312
     508     314     310
     511     308     306
     510     302     301
     509     296     296
     507     293     289
     503     290     283
     500     288     276
     494     289     271
     487     292     273
     480     295     275
     473     297     277
     465     297     277
     458     299     280
     452     304     279
     453     311     276
     459     316     276
     462     320     270
     466     317     264
     473     314     266
     478     314     272
     483     314     278
     490     317     280
     494     320     274
     500     324     271
     502     331     268
     505     337     264
     504     342     258
     501     348     254
     494     351     256
     489     350     262
     488     345     268
     483     339     268
     485     332     269
     486     326     264
     487     320     259
     484     318     252
     485     323     246
     491     328     247
     498     325     249
     505     325     252
     512     326     254
     511     319     255
     507     322     260
     514     324     263
     519     330     264
     526     331     261
     531     325     261
     531     319     266
     525     315     269
     518     313     272
     511     315     269
     505     314     264
     498     313     263
     492     308     264
     486     303     264
     479     301     261
     474     301     255
     471     301     248
     473     304     241
     481     304     241
     486     304     247
     487     310     252
     490     315     247
     496     315     242
     503     313     239
     507     310     245
     502     311     251
     498     305     254
     498     297     254
     493     291     255
     490     284     256
     487     280     262
     484     278     269
     484     278     277
     488     272     280
     494     269     284
     500     269     289
     503     273     295
     507     277     300
     506     282     294
     512     281     289
     517     282     283
     516     288     278
     513     295     276
     510     301     280
     515     304     285
     521     307     289
     528     310     291
     532     313     297
     532     313     305
     530     310     312
     527     304     316
     527     299     322
     522     298     316
     516     294     313
     510     289     312
     503     286     314
     496     283     312
     490     280     308
     489     277     301
     492     281     295
     491     286     289
     484     285     286
     479     290     289
     480     297     292
     481     292     298
     487     297     298
     494     296     295
     496     299     288
     494     302     281
     497     306     275
     503     311     276
     506     315     282
