     814    1467      61
     808    1466      66
     800    1466      66
     795    1465      60
     790    1464      54
     783    1467      52
     777    1472      51
     770    1475      53
     763    1478      55
     755    1478      55
     748    1477      58
     745    1475      65
     750    1474      71
     757    1472      74
     760    1465      72
     757    1458      70
     754    1452      66
     755    1447      60
     761    1444      56
     768    1441      55
     774    1442      60
     774    1442      68
     771    1440      75
     770    1434      80
     773    1432      87
     772    1435      94
     773    1438     101
     768    1442     105
     766    1446     111
     766    1452     116
     765    1459     113
     771    1460     108
     774    1462     101
     774    1465      94
     774    1460      88
     774    1460      80
     775    1467      77
     772    1473      81
     772    1473      89
     773    1479      94
     780    1479      97
     786    1479      92
     790    1476      86
     793    1469      84
     790    1462      86
     787    1460      93
     785    1464      99
     790    1469     102
     798    1469     102
     801    1464     107
     798    1463     114
     791    1466     115
     785    1461     116
     783    1454     113
     784    1451     106
     784    1448      99
     786    1445      92
     792    1440      91
     795    1434      95
     798    1434     102
     799    1439     108
     802    1446     106
     806    1449     112
     807    1444     118
     802    1438     118
     797    1433     121
     791    1428     120
     784    1425     122
     777    1428     124
     775    1435     127
     781    1439     130
     789    1439     130
     795    1438     135
     799    1441     141
     804    1447     141
     806    1454     138
     808    1461     135
     811    1467     131
     810    1472     125
     804    1475     121
     798    1479     118
     795    1479     111
     790    1479     117
     783    1478     120
     783    1478     128
     788    1474     132
     793    1468     133
     791    1461     130
     785    1456     130
     778    1458     129
     773    1464     130
     770    1471     131
     764    1476     131
     757    1479     131
     749    1479     131
     744    1479     125
     746    1478     118
     753    1476     115
     760    1473     117
     768    1473     117
     773    1472     111
     769    1475     105
     762    1477     102
     756    1477      97
     754    1474      90
     751    1467      88
     751    1460      85
     754    1453      83
     761    1451      86
     764    1453      93
     764    1459      98
     757    1461     101
     750    1464     103
     743    1467     101
     739    1473      99
     736    1479     103
     730    1479     108
     725    1473     109
     725    1465     109
     725    1457     109
     725    1449     109
     730    1443     110
     730    1435     110
     728    1428     107
     725    1428     100
     726    1433      94
     728    1440      91
     735    1442      88
     743    1442      88
     749    1441      93
     755    1441      98
     759    1444     104
     760    1439     106
     754    1440     111
     751    1447     113
     754    1454     115
     760    1457     119
     759    1460     126
     756    1462     133
     750    1463     138
     743    1466     138
     740    1473     139
     737    1479     143
     729    1479     143
     722    1478     140
     719    1471     141
     717    1468     148
     710    1466     151
     707    1459     149
     710    1454     144
     716    1454     139
     723    1452     136
     730    1450     139
     735    1444     138
     731    1438     135
     728    1439     128
     728    1446     125
     723    1452     126
     716    1454     123
     709    1457     125
     703    1461     127
     700    1467     131
     703    1474     132
     709    1479     131
     715    1479     126
     720    1473     126
     727    1471     123
     734    1468     121
     740    1463     120
     745    1460     125
     747    1453     128
     740    1450     126
     741    1443     123
     744    1436     125
     747    1436     132
     748    1441     138
     754    1441     143
     755    1434     146
     749    1429     146
     742    1427     149
     734    1427     149
     726    1427     149
     720    1432     149
     717    1439     151
     714    1443     157
     714    1443     165
     720    1440     169
     728    1440     169
     734    1435     169
     741    1433     166
     745    1436     160
     747    1443     157
     749    1446     150
     746    1452     146
     746    1459     143
     748    1466     146
     745    1470     152
     741    1473     158
     741    1479     163
     736    1479     169
     728    1479     169
     723    1476     164
     724    1470     159
     726    1467     152
     732    1463     150
     733    1457     155
     730    1455     162
     727    1457     169
     727    1462     175
     726    1468     180
     729    1475     182
     735    1475     187
     738    1468     189
     741    1461     187
     743    1454     184
     744    1449     178
     750    1446     174
     757    1443     176
     759    1446     183
     756    1447     190
     751    1448     196
     751    1454     201
     753    1461     204
     753    1468     201
     755    1475     198
     762    1477     195
     768    1477     200
     774    1478     195
     771    1479     188
     768    1478     181
     761    1475     182
     759    1468     185
     762    1463     190
     769    1461     193
     776    1463     196
     783    1466     195
     788    1469     190
     791    1471     183
     791    1471     175
     795    1477     172
     803    1477     172
     806    1470     174
     804    1463     177
     799    1457     178
     793    1453     181
     786    1455     184
     779    1458     182
     775    1464     179
     771    1467     173
     765    1471     170
     760    1477     169
     753    1475     172
     750    1468     173
     753    1462     169
     759    1457     170
     759    1452     164
     756    1456     158
     756    1464     158
     758    1471     156
     760    1478     153
     765    1479     147
     772    1479     144
     780    1479     144
     787    1477     147
     789    1470     147
     784    1465     144
     777    1463     145
     769    1463     145
     764    1457     146
     763    1450     149
     763    1443     152
     768    1437     151
     775    1437     154
     776    1443     159
     770    1443     164
     767    1441     171
     773    1441     176
     779    1446     175
     785    1447     170
     779    1452     169
     774    1456     165
     771    1458     158
     773    1465     159
     773    1473     159
     777    1476     165
     784    1473     164
     787    1466     166
     786    1460     161
     785    1455     155
     782    1451     149
     778    1448     143
     771    1446     140
     767    1449     134
     761    1446     130
     761    1440     125
     760    1433     122
