     442      27      91
     444      34      94
     450      39      94
     457      41      97
     458      48      94
     453      49      88
     447      54      87
     444      58      93
     438      59      98
     430      59      98
     424      54      98
     421      47      96
     417      41      93
     411      42      88
     406      47      85
     406      55      85
     407      62      88
     410      69      88
     415      75      87
     422      78      89
     430      78      89
     436      73      89
     439      68      84
     438      62      79
     431      59      80
     427      60      74
     427      60      66
     435      60      66
     442      58      69
     447      55      64
     445      52      57
     439      47      58
     432      45      61
     425      48      59
     422      43      61
     424      45      67
     418      50      66
     415      57      68
     415      65      68
     409      69      71
     401      69      71
     398      62      69
     399      57      63
     404      54      58
     411      54      55
     416      60      54
     414      63      47
     408      66      43
     404      72      40
     402      79      38
     402      87      38
     404      94      35
     409     100      35
     412     107      37
     417     113      38
     422     114      32
     426     110      27
     424     103      24
     427      96      22
     424      89      20
     419      83      21
     417      80      28
     419      83      35
     423      86      41
     426      87      48
     429      83      54
     432      76      52
     425      73      50
     418      75      53
     412      80      54
     412      88      54
     416      94      57
     422      94      62
     425      88      66
     422      81      66
     429      79      65
     425      73      68
     430      73      72
     435      79      71
     442      82      69
     448      77      70
     450      73      64
     448      76      57
     443      80      53
     436      78      54
     437      72      59
     441      66      56
     437      61      52
     434      63      45
     439      69      44
     445      72      40
     443      79      37
     446      84      42
     449      86      49
     446      92      53
     440      97      54
     434     101      51
     432     104      44
     438     104      39
     444      99      39
     450      95      42
     456     100      43
     459     107      44
     460     112      50
     457     114      57
     454     112      64
     452     109      71
     449     102      73
     449      95      70
     453      91      65
     460      93      62
     463      93      55
     465      90      48
     462      86      42
     458      80      39
     456      73      42
     455      69      48
     453      62      51
     455      57      46
     461      58      41
     466      64      41
     467      71      44
     474      74      42
     474      79      36
     476      72      33
     476      67      27
     476      59      27
     477      53      32
     479      50      39
     482      54      45
     487      60      45
     490      64      39
     493      71      37
     495      78      34
     492      85      34
     487      88      39
     485      85      46
     482      78      48
     487      73      51
     484      66      53
     478      66      58
     472      71      58
     467      75      54
     461      79      57
     461      79      65
     463      72      68
     463      64      68
     462      57      65
     467      51      65
     472      50      71
     475      52      78
     474      57      84
     474      65      84
