    1262    1011     157
    1258    1009     152
    1260    1009     146
    1263    1015     148
    1262    1017     150
    1263    1011     151
    1269    1009     149
    1264    1007     150
    1265    1004     152
    1267    1000     147
    1265     995     148
    1265     991     149
    1265     986     148
    1264     989     144
    1260     989     143
    1258     985     142
    1254     982     138
    1251     982     132
    1253     982     133
    1255     982     135
    1253     982     137
    1249     981     135
    1249     980     134
    1250     979     134
    1251     981     137
    1251     985     134
    1250     987     135
    1246     988     135
    1246     986     136
    1248     985     135
    1248     985     139
    1247     986     139
    1248     991     142
    1249     988     143
    1250     987     143
    1246     988     143
    1245     994     140
    1243     991     142
    1246     993     143
    1248     992     144
    1248     994     140
    1250     995     139
    1250     997     140
    1247     996     142
    1252     991     144
    1254     992     144
    1255     995     144
    1253    1000     143
    1250     997     147
    1253     990     146
    1257     990     141
    1259     987     140
    1262     986     138
    1263     987     136
    1263     989     132
    1263     986     133
    1261     984     136
    1260     984     136
    1259     982     135
    1259     982     136
    1258     983     136
    1257     985     134
    1254     987     135
    1252     989     138
    1255     990     137
    1256     990     139
    1258     992     139
    1255     992     138
    1254     993     135
    1255     993     137
    1256     990     140
    1255     984     140
    1253     984     141
    1255     988     140
    1254     995     137
    1253     996     135
    1254     997     137
    1256     995     140
    1259     994     141
    1258     997     138
    1257     999     131
    1256     999     125
    1256     997     123
    1259     994     124
    1262     992     124
    1263     993     126
    1263     995     124
    1260     997     124
    1260     995     122
    1261     995     122
    1264     997     122
    1264     999     128
    1261     999     133
    1261     998     135
    1264     995     132
    1264     993     131
    1266     990     131
    1267     992     134
    1267     989     133
    1265     990     129
    1265     991     130
    1267     994     129
    1268     994     125
    1267     997     122
    1266     998     120
    1262     998     120
    1262     997     121
    1262    1001     127
    1260     999     131
    1261    1000     134
    1262     997     134
    1261     995     133
    1260     994     131
    1256     993     129
    1253     992     128
    1252     989     127
    1246     986     130
    1239     989     132
    1234     995     133
    1237    1002     132
    1242    1008     133
    1249    1011     132
    1256    1009     129
    1261    1003     129
    1258     996     131
    1256     993     132
    1256     994     135
    1259     994     137
    1258     994     135
    1252     992     131
    1248     992     131
    1252     992     129
    1256     991     129
    1258     992     129
    1255     995     131
    1251     994     133
    1250     992     132
    1249     989     130
    1250     990     126
    1249     993     122
    1250     994     120
    1250     992     122
    1249     995     126
    1249     998     131
    1250     998     130
    1252     997     128
    1255     996     126
    1260     990     126
    1263     989     124
    1263     988     124
    1261     987     124
    1256     987     121
    1252     984     119
    1251     984     117
    1250     982     117
    1251     986     118
    1252     987     121
    1250     986     125
    1250     985     129
    1249     985     130
    1246     988     129
    1246     986     128
    1247     983     127
    1247     983     126
    1244     983     126
    1242     983     122
    1245     979     122
    1248     977     122
    1249     978     121
    1252     981     120
    1257     985     118
    1260     988     117
    1262     988     114
    1263     986     114
    1259     987     112
    1256     988     111
    1257     990     111
    1250     988     114
    1248     985     121
    1246     984     125
    1244     986     125
    1243     987     124
    1241     990     124
    1244     995     123
    1249     997     123
    1252     997     122
    1254    1001     120
    1259    1000     119
    1255    1000     120
    1254    1001     123
    1258    1001     122
    1257     998     118
    1256     995     116
    1255     991     116
    1253     990     115
    1252     991     115
    1254     993     115
    1259     993     117
    1260     995     117
    1258     995     116
    1256     994     113
    1252     990     116
    1250     991     119
    1248     992     121
    1246     991     123
    1245     991     124
    1249     992     123
    1250     994     122
    1252     998     120
    1254     997     117
    1253     993     116
    1250     991     112
    1249     984     111
    1251     984     110
    1251     987     116
    1251     985     122
    1250     980     127
    1253     978     129
    1253     978     130
    1254     978     132
    1255     979     132
    1258     980     131
    1260     981     129
    1262     982     129
    1264     984     129
    1263     984     130
    1263     984     129
    1264     983     130
    1265     984     132
    1261     986     127
    1261     986     121
    1261     987     118
    1263     985     114
    1264     981     114
    1264     978     115
    1261     978     116
    1260     981     117
    1259     980     114
    1257     979     112
    1257     978     111
    1261     977     106
    1257     979     102
    1262     980     103
    1255     980     106
    1254     980     111
    1254     981     114
    1249     983     116
    1246     987     116
    1246     991     115
    1247     990     113
    1247     983     114
    1250     979     113
    1256     974     113
    1263     973     114
    1265     971     116
    1262     967     115
    1259     967     111
    1260     974     110
    1258     977     110
    1260     980     113
    1259     981     119
    1258     981     122
    1257     980     123
    1252     978     121
    1253     978     119
    1255     975     118
    1255     977     116
    1254     979     118
    1252     977     124
    1251     974     130
    1258     971     128
    1262     974     122
    1263     977     120
    1265     979     121
    1266     977     125
    1264     975     125
    1264     974     123
    1260     973     122
    1258     974     124
    1256     974     125
    1256     973     126
    1255     973     126
    1259     975     127
    1262     977     128
    1261     978     127
    1261     979     123
    1261     979     118
    1264     979     114
    1261     983     108
    1257     985     109
    1258     985     109
    1260     985     109
    1261     986     110
    1261     987     112
    1260     986     114
    1258     985     114
    1259     985     116
    1261     984     121
    1262     983     126
    1265     982     126
    1265     982     124
    1264     982     122
    1263     981     120
    1265     983     118
    1264     984     118
    1259     979     121
    1258     975     120
    1256     977     119
    1255     976     117
    1253     976     114
    1254     973     114
