     291     630     746
     295     630     752
     288     628     754
     285     629     750
     283     635     754
     288     636     752
     286     642     753
     286     647     759
     286     649     759
     287     650     762
     285     650     761
     285     651     763
     286     649     763
     288     649     764
     288     649     766
     287     647     765
     286     644     763
     286     644     766
     290     641     766
     293     642     766
     294     642     766
     293     640     763
     290     640     761
     295     641     760
     290     642     757
     290     644     756
     290     646     755
     290     649     753
     288     651     754
     286     651     755
     287     649     757
     288     648     757
     289     645     758
     292     643     759
     291     645     760
     290     645     761
     289     646     760
     293     644     758
     295     643     759
     297     644     759
     299     646     758
     300     652     756
     297     653     753
     298     654     754
     302     653     756
     301     647     757
     296     648     752
     294     648     753
     293     648     751
     292     650     751
     295     651     751
     298     651     750
     300     651     752
     300     651     754
     299     648     754
     298     648     755
     297     650     758
     294     651     759
     295     651     754
     292     650     747
     299     647     745
     298     644     752
     296     646     758
     296     646     761
     294     648     762
     295     648     759
     292     650     758
     294     649     760
     295     650     763
     295     651     765
     299     652     764
     299     650     763
     298     649     758
     297     654     757
     296     656     757
     294     658     756
     295     659     758
     297     660     762
     293     656     762
     292     653     765
     291     653     765
     291     655     767
     289     656     766
     288     658     766
     292     661     763
     294     662     760
     296     664     757
     298     664     760
     295     661     763
     295     657     765
     295     655     767
     299     654     765
     301     652     762
     303     652     761
     303     650     759
     301     655     759
     300     657     757
     300     659     757
     300     658     755
     301     658     756
     299     657     759
     299     657     762
     298     655     764
     299     653     766
     300     656     763
     300     659     762
     296     659     763
     292     658     760
     289     656     761
     285     655     760
     286     654     757
     288     654     754
     289     655     751
     288     654     751
     291     657     752
     293     658     754
     293     662     753
     291     665     756
     291     666     757
     291     668     760
     294     668     755
     293     668     760
     294     663     762
     296     662     762
     295     661     766
     294     662     765
     290     666     762
     285     667     756
     289     668     755
     288     663     757
     288     663     759
     288     662     761
     288     663     762
     288     660     762
     287     659     762
     285     660     759
     287     663     754
     285     661     754
     285     660     753
     282     660     758
     283     658     757
     284     659     755
     287     661     756
     290     662     755
     292     664     757
     296     666     758
     297     665     755
     295     664     755
     292     661     756
     291     659     753
     290     660     753
     292     662     753
     293     663     754
     290     666     759
     287     666     759
     287     669     761
