     665     581    1028
     668     579    1029
     667     578    1031
     666     584    1027
     669     586    1027
     672     585    1029
     671     583    1034
     672     581    1035
     676     585    1032
     680     584    1030
     679     582    1032
     676     578    1033
     674     576    1034
     674     574    1034
     677     575    1032
     678     575    1028
     677     574    1026
     675     571    1024
     675     571    1023
     671     572    1024
     667     575    1024
     663     580    1022
     661     577    1025
     660     578    1021
     660     579    1017
     658     574    1019
     657     568    1015
     655     575    1014
     657     574    1016
     660     577    1013
     661     574    1016
     662     571    1017
     663     574    1017
     665     573    1017
     667     576    1016
     667     579    1015
     664     580    1015
     666     578    1021
     667     578    1022
     670     577    1021
     671     575    1018
     673     577    1016
     672     578    1012
     673     578    1011
     672     573    1010
     672     570    1011
     672     570    1009
     672     568    1008
     672     571    1007
     674     572    1008
     677     571    1011
     678     569    1013
     677     573    1011
     674     580    1011
     671     579    1008
     668     576    1007
     667     578    1008
     667     574    1008
     666     573    1005
     666     572    1006
     671     572    1004
     674     572    1004
     675     575    1005
     674     576    1009
     672     580    1015
     671     583    1021
     671     581    1024
     674     582    1023
     673     578    1023
     675     575    1024
     674     575    1027
     675     578    1027
     674     575    1030
     677     575    1024
     680     575    1019
     681     572    1017
     682     570    1013
     682     569    1012
     684     570    1013
     686     575    1015
     687     578    1018
     687     577    1019
     689     578    1020
     690     576    1025
     690     574    1027
     692     569    1025
     689     571    1021
     685     572    1018
     682     575    1014
     678     575    1012
     675     575    1012
     669     575    1012
     665     572    1012
     667     572    1014
     670     572    1015
     675     573    1015
     679     576    1014
     686     579    1015
     691     576    1015
     689     576    1013
     686     574    1013
     685     573    1014
     682     570    1016
     680     569    1018
     674     565    1021
     671     564    1022
     669     566    1022
     670     566    1023
     674     564    1024
     676     563    1027
     679     566    1027
     681     568    1029
     683     564    1027
     686     566    1026
     685     568    1026
     685     564    1026
     686     567    1029
     689     561    1026
     686     555    1030
     683     548    1028
     677     548    1023
     672     550    1018
     673     556    1013
     675     562    1012
     678     564    1010
     678     565    1008
     679     561    1009
     683     559    1014
     682     561    1014
     683     563    1013
     684     563    1011
     688     562    1008
     688     562    1011
     683     565    1016
     680     566    1023
     677     569    1029
     674     568    1029
     673     567    1028
     675     570    1021
     676     567    1016
     677     565    1012
     679     558    1009
     682     562    1006
     688     567    1006
     689     567    1002
     687     566    1001
     688     566    1001
     687     562    1004
     685     560    1006
     683     560    1006
     684     560    1008
     686     566    1011
     688     568    1014
     691     572    1015
     692     574    1017
     693     572    1017
     690     572    1019
     686     567    1017
     689     565    1011
     690     564    1008
     693     558    1005
     699     560    1008
     698     556    1006
     693     559    1001
     691     561     999
     687     561     999
     684     561    1001
     683     565    1004
     683     564    1003
     690     565    1005
     690     563    1003
     690     561     999
     689     565     997
     686     562     995
     684     562     996
     685     563     996
     686     565     994
     688     563     990
     692     564     987
     692     560     990
     688     561     991
     683     567     990
     680     569     991
     678     566     994
     681     568     995
     684     571     996
     683     571     995
     682     571     996
     678     571     994
     677     574     993
     673     577     990
     670     578     992
     668     580     998
     667     578     998
     668     573     994
     673     571     993
     677     571     997
     677     567     998
     681     567    1000
     682     567    1001
     685     569    1002
     684     570    1001
     683     572    1000
     680     574    1000
     677     573    1000
     674     575     999
     672     576     998
     672     578     995
     675     577     996
     678     576     994
     683     576     991
     685     576     993
     688     574     998
     693     571     999
     694     569     999
     696     566     999
     697     563    1003
     696     564    1004
     696     561    1009
     697     565    1008
     697     569    1005
     699     565    1006
     701     565    1004
     702     563    1006
     701     559    1004
     702     562    1001
     698     560     998
     695     562     997
     694     563     995
     692     567     993
     688     571     991
     682     574     992
     678     575     990
     679     576     990
     682     579     991
     683     579     994
     680     579     997
     677     580     998
     678     582     998
     678     582     993
     678     581     990
     679     576     988
     680     574     988
     683     572     986
     687     572     985
     692     572     984
     695     572     988
     693     571     987
     694     571     986
     695     570     983
     692     566     978
     694     570     978
     687     568     979
     689     569     978
     687     572     980
     685     574     979
     682     576     980
     681     579     982
     684     582     979
     689     579     980
     689     576     979
     691     578     981
     691     575     976
     685     577     976
     686     578     979
     686     579     975
     690     582     976
     691     582     982
     689     582     984
     684     583     985
     681     583     983
     680     579     983
     685     576     980
     691     575     980
     693     574     981
     693     569     977
     697     566     978
     695     573     976
     688     572     976
     686     570     980
     687     569     982
     689     568     984
     689     571     986
     688     574     985
     685     575     985
     682     569     984
     683     566     986
     685     564     985
     688     564     986
     689     564     989
     691     566     988
     694     566     986
     696     566     986
     698     565     988
     696     564     990
     697     567     990
     697     569     992
     696     572     992
     693     574     993
     691     575     996
     690     574     998
     690     571     994
     687     570     992
     686     572     993
     684     577     996
     684     580     997
     686     578     999
     689     578    1000
     690     579     995
     689     581     992
     690     583     991
