     416      15     195
     415      12     193
     415      14     192
     416      14     198
     420      13     201
     418      10     199
     420      13     198
     423       8     196
     423      11     194
     423       9     190
     421       9     188
     416      13     186
     416      17     182
     420      12     179
     424      17     179
     422      15     181
     422      13     183
     421      15     183
     420      16     185
     421      16     188
     423      16     187
     426      18     187
     428      19     185
     431      22     186
     433      20     186
     433      18     186
     431      19     186
     425      22     184
     423      23     186
     426      24     186
     427      24     189
     425      21     190
     423      19     192
     420      15     193
     422      12     193
     422      10     192
     426      11     191
     429      12     192
     432      16     190
     436      14     188
     439      13     187
     436       6     186
     435       8     184
     434      13     187
     431      14     185
     428      14     183
     426      16     184
     427      14     186
     429      13     186
     436      10     185
     435      11     188
     433      10     189
     431       8     188
     425       5     189
     427       5     191
     429       5     195
     430       4     194
     430       4     191
     431       3     197
     438       2     198
     443       7     195
     441      14     192
     435      19     191
     436      18     191
     436      16     193
     434      13     198
     432      14     198
     431      12     198
     427      10     194
     428      14     192
     432      15     194
     432      18     200
     434      21     199
     431      19     201
     434      16     199
     439      16     194
     437      15     192
     438      11     190
     436      13     196
     438      16     196
     440      17     198
     435      18     204
     432      20     203
     435      20     197
     438      22     199
     437      22     201
     435      22     202
     438      26     200
     434      27     204
     436      28     203
     435      29     197
     434      29     196
     428      26     199
     430      27     198
     427      29     198
     425      30     196
     425      30     191
     425      25     197
     428      24     197
     430      24     197
     431      24     197
     432      26     195
     432      27     192
     427      28     193
     430      31     193
     430      31     200
     432      27     202
     434      23     205
     436      21     206
     436      15     205
     437      16     205
     443      19     206
     443      22     204
     440      24     204
     435      26     201
     430      29     203
     429      33     199
     430      35     195
     428      32     194
     426      32     197
     427      34     200
     430      34     201
     429      33     204
     432      32     207
     436      34     208
     437      36     209
     431      35     211
     427      33     208
     426      36     206
     427      39     205
     430      41     208
     432      41     209
     435      42     205
     434      40     202
     430      40     201
     428      39     201
     429      38     203
     429      36     208
     433      36     210
     431      34     209
     435      36     204
     435      36     203
     435      35     202
     434      33     205
     432      27     208
     435      28     208
     437      29     208
     440      29     207
     440      29     202
     438      30     199
     436      30     199
     434      31     201
     435      32     198
     435      33     196
     436      35     196
     435      38     196
